              precision    recall  f1-score   support

           0       0.42      0.42      0.42       465
           1       0.42      0.50      0.46       466
           2       0.71      0.60      0.65       465
           3       0.87      0.92      0.90       466
           4       0.38      0.40      0.39       466
           5       0.64      0.61      0.63       466
           6       0.59      0.53      0.56       465

    accuracy                           0.57      3259
   macro avg       0.58      0.57      0.57      3259
weighted avg       0.58      0.57      0.57      3259

Overall f1-score: 0.5705096406539129