              precision    recall  f1-score   support

           0       0.62      0.52      0.57       465
           1       0.55      0.48      0.51       466
           2       0.68      0.77      0.72       465
           3       0.95      0.97      0.96       466
           4       0.45      0.58      0.50       466
           5       0.81      0.68      0.74       466
           6       0.64      0.63      0.63       465

    accuracy                           0.66      3259
   macro avg       0.67      0.66      0.66      3259
weighted avg       0.67      0.66      0.66      3259

Overall f1-score: 0.6627377861274087