              precision    recall  f1-score   support

           0       0.45      0.37      0.41       465
           1       0.41      0.46      0.44       466
           2       0.59      0.60      0.60       465
           3       0.84      0.83      0.83       466
           4       0.36      0.38      0.37       466
           5       0.49      0.59      0.54       466
           6       0.69      0.55      0.61       465

    accuracy                           0.54      3259
   macro avg       0.55      0.54      0.54      3259
weighted avg       0.55      0.54      0.54      3259

Overall f1-score: 0.5421759804876971