              precision    recall  f1-score   support

           0       0.53      0.55      0.54       465
           1       0.51      0.48      0.50       466
           2       0.70      0.75      0.72       465
           3       0.96      0.95      0.96       466
           4       0.42      0.50      0.45       466
           5       0.73      0.70      0.72       466
           6       0.68      0.55      0.61       465

    accuracy                           0.64      3259
   macro avg       0.65      0.64      0.64      3259
weighted avg       0.65      0.64      0.64      3259

Overall f1-score: 0.6418432993967382