              precision    recall  f1-score   support

           0       0.66      0.47      0.55       465
           1       0.51      0.55      0.53       466
           2       0.80      0.72      0.76       465
           3       0.95      0.95      0.95       466
           4       0.41      0.65      0.51       466
           5       0.75      0.69      0.72       466
           6       0.72      0.58      0.65       465

    accuracy                           0.66      3259
   macro avg       0.69      0.66      0.67      3259
weighted avg       0.69      0.66      0.67      3259

Overall f1-score: 0.6656197657339312