              precision    recall  f1-score   support

           0       0.66      0.44      0.53       465
           1       0.75      0.51      0.61       466
           2       0.81      0.42      0.56       465
           3       0.52      0.17      0.25       466
           4       0.26      0.89      0.40       466
           5       0.63      0.47      0.54       466
           6       0.83      0.54      0.66       465

    accuracy                           0.49      3259
   macro avg       0.64      0.49      0.51      3259
weighted avg       0.64      0.49      0.51      3259

Overall f1-score: 0.5054993545847067