              precision    recall  f1-score   support

           0       0.65      0.49      0.56       465
           1       0.74      0.46      0.57       466
           2       0.85      0.33      0.47       465
           3       0.00      0.00      0.00       466
           4       0.24      0.92      0.38       466
           5       0.58      0.46      0.51       466
           6       0.81      0.53      0.64       465

    accuracy                           0.46      3259
   macro avg       0.55      0.46      0.45      3259
weighted avg       0.55      0.46      0.45      3259

Overall f1-score: 0.44839933359502787