              precision    recall  f1-score   support

           0       0.64      0.42      0.51       472
           1       0.75      0.44      0.55       472
           2       0.74      0.39      0.51       472
           3       0.75      0.43      0.54       472
           4       0.29      0.93      0.44       472
           5       0.58      0.43      0.49       471
           6       0.90      0.56      0.69       472

    accuracy                           0.52      3303
   macro avg       0.66      0.52      0.53      3303
weighted avg       0.66      0.52      0.53      3303

Overall f1-score: 0.5340156558304038