              precision    recall  f1-score   support

           0       0.65      0.45      0.53       472
           1       0.71      0.39      0.50       472
           2       0.79      0.37      0.50       472
           3       0.81      0.38      0.51       472
           4       0.28      0.90      0.43       472
           5       0.59      0.53      0.56       471
           6       0.85      0.59      0.70       472

    accuracy                           0.51      3303
   macro avg       0.67      0.51      0.53      3303
weighted avg       0.67      0.51      0.53      3303

Overall f1-score: 0.5315257473136741