              precision    recall  f1-score   support

           0       0.63      0.50      0.55       472
           1       0.76      0.51      0.61       472
           2       0.82      0.39      0.53       472
           3       0.79      0.45      0.57       472
           4       0.29      0.92      0.44       472
           5       0.63      0.42      0.51       471
           6       0.91      0.59      0.71       472

    accuracy                           0.54      3303
   macro avg       0.69      0.54      0.56      3303
weighted avg       0.69      0.54      0.56      3303

Overall f1-score: 0.5606080553143654