              precision    recall  f1-score   support

           0       0.75      0.42      0.53       465
           1       0.71      0.61      0.66       466
           2       0.67      0.40      0.50       465
           3       0.00      0.00      0.00       466
           4       0.24      0.92      0.38       466
           5       0.63      0.41      0.50       466
           6       0.87      0.49      0.63       465

    accuracy                           0.46      3259
   macro avg       0.55      0.46      0.46      3259
weighted avg       0.55      0.46      0.46      3259

Overall f1-score: 0.45677513117900287