              precision    recall  f1-score   support

           0       0.63      0.51      0.57       465
           1       0.68      0.55      0.61       466
           2       0.74      0.33      0.46       465
           3       0.48      0.08      0.14       466
           4       0.28      0.86      0.42       466
           5       0.52      0.52      0.52       466
           6       0.84      0.57      0.68       465

    accuracy                           0.49      3259
   macro avg       0.60      0.49      0.48      3259
weighted avg       0.60      0.49      0.48      3259

Overall f1-score: 0.48340480700252086