              precision    recall  f1-score   support

           0       0.69      0.49      0.57       465
           1       0.78      0.54      0.64       466
           2       0.75      0.48      0.59       465
           3       0.00      0.00      0.00       466
           4       0.25      0.91      0.40       466
           5       0.64      0.42      0.51       466
           6       0.81      0.56      0.66       465

    accuracy                           0.49      3259
   macro avg       0.56      0.49      0.48      3259
weighted avg       0.56      0.49      0.48      3259

Overall f1-score: 0.47993330750296864