              precision    recall  f1-score   support

           0       0.57      0.54      0.56       465
           1       0.80      0.43      0.56       466
           2       0.88      0.25      0.39       465
           3       0.00      0.00      0.00       466
           4       0.26      0.88      0.40       466
           5       0.79      0.26      0.39       466
           6       0.53      0.80      0.64       465

    accuracy                           0.45      3259
   macro avg       0.55      0.45      0.42      3259
weighted avg       0.55      0.45      0.42      3259

Overall f1-score: 0.41968186521442197