              precision    recall  f1-score   support

           0       0.74      0.45      0.56       465
           1       0.74      0.57      0.64       466
           2       0.84      0.38      0.52       465
           3       0.00      0.00      0.00       466
           4       0.27      0.92      0.41       466
           5       0.54      0.56      0.55       466
           6       0.84      0.55      0.66       465

    accuracy                           0.49      3259
   macro avg       0.56      0.49      0.48      3259
weighted avg       0.56      0.49      0.48      3259

Overall f1-score: 0.4789849394922009