              precision    recall  f1-score   support

           0       0.52      0.50      0.51       465
           1       0.60      0.33      0.43       466
           2       0.71      0.33      0.45       465
           3       0.00      0.00      0.00       466
           4       0.24      0.92      0.38       466
           5       0.72      0.34      0.46       466
           6       0.87      0.59      0.70       465

    accuracy                           0.43      3259
   macro avg       0.52      0.43      0.42      3259
weighted avg       0.52      0.43      0.42      3259

Overall f1-score: 0.4192143723075299