              precision    recall  f1-score   support

           0       0.45      0.34      0.39      1847
           1       0.36      0.28      0.32      1154
           2       0.46      0.43      0.45       652
           4       0.80      0.86      0.83     13903
           5       0.53      0.49      0.51      1557
           6       0.50      0.45      0.47      1350

    accuracy                           0.71     20463
   macro avg       0.52      0.48      0.49     20463
weighted avg       0.70      0.71      0.70     20463

Overall f1-score: 0.7028170077776328