              precision    recall  f1-score   support

           0       0.47      0.38      0.42      1847
           1       0.39      0.29      0.33      1154
           2       0.49      0.50      0.50       652
           4       0.81      0.86      0.84     13903
           5       0.53      0.50      0.52      1557
           6       0.58      0.52      0.55      1350

    accuracy                           0.73     20463
   macro avg       0.55      0.51      0.53     20463
weighted avg       0.71      0.73      0.72     20463

Overall f1-score: 0.7179833567285304