              precision    recall  f1-score   support

           0       0.43      0.43      0.43      1847
           1       0.34      0.26      0.29      1154
           2       0.47      0.45      0.46       652
           4       0.81      0.85      0.83     13903
           5       0.51      0.45      0.48      1557
           6       0.58      0.49      0.53      1350

    accuracy                           0.71     20463
   macro avg       0.52      0.49      0.50     20463
weighted avg       0.70      0.71      0.71     20463

Overall f1-score: 0.7059108585593165