              precision    recall  f1-score   support

           0       0.46      0.44      0.45      1979
           1       0.46      0.27      0.34      1170
           2       0.53      0.44      0.48       683
           3       0.61      0.58      0.59      1914
           4       0.77      0.85      0.81     13941
           5       0.57      0.46      0.51      1606
           6       0.55      0.44      0.49      1382

    accuracy                           0.70     22675
   macro avg       0.57      0.50      0.52     22675
weighted avg       0.68      0.70      0.68     22675

Overall f1-score: 0.6842316870515474