              precision    recall  f1-score   support

           0       0.47      0.45      0.46      1979
           1       0.41      0.29      0.34      1170
           2       0.51      0.45      0.48       683
           3       0.59      0.57      0.58      1914
           4       0.78      0.83      0.81     13941
           5       0.52      0.51      0.52      1606
           6       0.55      0.41      0.47      1382

    accuracy                           0.69     22675
   macro avg       0.55      0.50      0.52     22675
weighted avg       0.68      0.69      0.68     22675

Overall f1-score: 0.6808467510998488