              precision    recall  f1-score   support

           0       0.30      0.62      0.41       465
           1       0.00      0.00      0.00       466
           2       0.42      0.63      0.50       465
           3       0.65      0.97      0.78       466
           4       0.00      0.00      0.00       466
           5       0.38      0.67      0.49       466
           6       0.70      0.16      0.26       465

    accuracy                           0.44      3259
   macro avg       0.35      0.44      0.35      3259
weighted avg       0.35      0.44      0.35      3259

Overall f1-score: 0.3480727963598572