              precision    recall  f1-score   support

           0       0.30      0.54      0.39       472
           1       0.00      0.00      0.00       472
           2       0.25      0.72      0.37       472
           3       0.51      0.63      0.56       472
           4       0.00      0.00      0.00       472
           5       0.62      0.54      0.58       471
           6       0.77      0.19      0.31       472

    accuracy                           0.37      3303
   macro avg       0.35      0.37      0.31      3303
weighted avg       0.35      0.37      0.31      3303

Overall f1-score: 0.3148045339436502