              precision    recall  f1-score   support

           0       0.51      0.30      0.38       465
           1       0.00      0.00      0.00       466
           2       0.85      0.48      0.61       465
           3       0.90      0.94      0.92       466
           4       0.00      0.00      0.00       466
           5       0.20      0.95      0.33       466
           6       0.86      0.08      0.15       465

    accuracy                           0.39      3259
   macro avg       0.47      0.39      0.34      3259
weighted avg       0.47      0.39      0.34      3259

Overall f1-score: 0.34195134067152205