              precision    recall  f1-score   support

           0       0.30      0.50      0.37       472
           1       0.00      0.00      0.00       472
           2       0.39      0.63      0.48       472
           3       0.31      0.75      0.44       472
           4       0.00      0.00      0.00       472
           5       0.57      0.59      0.58       471
           6       0.76      0.19      0.31       472

    accuracy                           0.38      3303
   macro avg       0.33      0.38      0.31      3303
weighted avg       0.33      0.38      0.31      3303

Overall f1-score: 0.3104228110542877