              precision    recall  f1-score   support

           0       0.30      0.50      0.37       465
           1       0.00      0.00      0.00       466
           2       0.53      0.56      0.55       465
           3       0.80      0.99      0.89       466
           4       0.00      0.00      0.00       466
           5       0.26      0.77      0.39       466
           6       0.70      0.10      0.17       465

    accuracy                           0.42      3259
   macro avg       0.37      0.42      0.34      3259
weighted avg       0.37      0.42      0.34      3259

Overall f1-score: 0.3394297510529728